45
2
6
2
8854
88
5
2
46
33
2
4
1
9
9593
391
3943
8
23
758
7
281
3
4
5
3
24
79
26
337
4
95
9
1732
3
144
23
5
9
9
3
99
8
1
9
959
91
74
56
4571
67
38
227
79
229
873
3358
1
91
9
62
322
63
8931
9
8
1
49
77321
1
27
319
5649
68
2
4946
833
64382
6
2264
69
94
98
98
1
35
18
45
56947
1
1
1619
677
28
9
932
2
9
37
2
17
75
7
313
78
5
87
9
775
31
15
7
14
5
4
9
6
841
795
8
767
6126
685
129
5
86
129
7
589
1
495
7226
7
54
34
63
318
4
73
78
94
77
61
8
6
3
74
776
51
67
1965
543
4
8
2932
49
5
91
49
18
6
4
3
51
89
1
9
7
11
9
5
897
1
46
4
2
7713
7
3
56
658
65
5513
29
9
39
87
8
8
33
7
53
812
2
9
341
335
5
898
866
3
66
88
36
2
522
54
478
517
646
16
3
7
2327
47
2
14
8
54
99466
4
46
1899
5
3
2
157
127
175583
154
22
48
1
27
18
8
225
55
9
5
75
63
7947
67
4995
781
393
67
514
21
2
7
955
745
13
1819
7
413
78222
74
72691
8
8756
297
3
7
7326
78
887
453174
72
79
2
1
6168
8
714
64
2
65
2
38845
9
2
4
73
68
2417
1
3
58
15
758
491
57
863
5
882
8786
6
9
9
2
7
4
8
26
221
89
33
8
38
9
1
95
6
2676
6884
192
29
867
197
6
51
3714
31
8
91
39
19111
351
5
884
3
136
8
55
92
3
95599
86
96
32
917
3
971
158
99
1156
9
7167
54
688
791
34
3183
6
63
6
76
6
946
5166
86
2
2172
8
679
11
5277
29531
15
53
7
87
91
1
475
1891
24
436
3
8
4
4
978
3
2
3
6171
54
87
28
7
665
7
3
554
268
9
6
9767
357
21
91
574413
8
8
349
8357
352
119
76
13
94
6
5
95
7351
828
26
18
77
8728
7
6
3321
1522
1
1
228
333
618
4
35
2
1712
79
1
72
8
215
8
3
9
6
547
12
344
76
15
553
94895
4
5646
39
1281
54
876
3
261
49
5
9
2
6299
6
194637
6
84
85
26
1189
1822
3
8
52
4
4861
77
2
7585
9
1
8621
32
171
3878
484484
7
26
36646
12
85
2
8
565
4
5
4
494
8
4
5
887
95
8
9
2
14
71
98
2
45
9229
4
576
9485
95
85
7
2
79
375
5
722
7
88
2
3782
6
4271
26
76
12
1482
9993
2
57
35
7
5516
49
72
534
7
46
3
21193
5
6
5
7
637
65
744
865
915
2
61
85
3
2
8
92
367
768
747
975
5765
8
385
4
9
3
94
3
7
5
4
76
83
4
7
8
35266
33
66
942
2764
245518
64
5751
2
453
9114
376
493
381
671
91696
875
6
234
81
88
1
22
38
4
6
9164
749
7
6
9
2559
8
9
3439
9961
548
946
34
9
71875
3
287
4
75648
7971
3475
7
14
662
7
3
52514
948
76
4997
737
4
6
229
6199
49
97
5996
55
2
2297
71
6
93
61
477
6
6
5399
88
9
45
561
78
8
91
4132398
4
6
8918
41
5
46
8911
64
91
9
95
3
1
9941
75
655
5248
28
3
4
18
18
935
3
2469
2
91
24
72
9
436
137
1
26
39
82719
65
93
7557
7
59
4
4
8
5476
9
8
974
3
9
9384
4
32
22
7
9
4883
617
695
9925
197
715
6
737
576657
397
64
98
27
181
4793
74
815
1
642
34
482
2
3
33
5
2
732
2
244
2
9
33
83
426
81
557
633
3923
71
28
399
241
192
776
85981
8364
2
8
826
1
1
63
6
4
2
731
7
64
626
37
44
32
56
518
34
629
34
82573
9
2
17
96
1
8698
1251
69
23
619321
4
72
2
82
481
568
84
3
17
3
5
294
942
7
51
1
489
28
6884
2
2
99
2
3
3
91
2315
37
98
694
86
115
84
5672
7878
7
2199
7
131
1
7
357
65
598
141
949
29
7
39
2
633
89
331
48
681
266
6
69
42
16
4
46
82
5433
9
46
26
976
175
2
934
739
83922
822
366
7
9
597
86
6
5
398
889
4
52
9
591
57
217
824
82
938
5
8
1
77
32
82
534
9
77
8
6
894
84
59
88
16
9
99
49
3
88
5533
968
93
758
5
84
24
43
5
936
8536
44
29
59
4
47633
85848
5
419
7
2
6
977
8716
453
2
22
1642
84
56
25
5
226
81548
5
37118
9
97658
388
47
3692
9
7
475
27
837
386
82
43
76
7
9
71
363
973
17
12
5
35
987
1
96
838
4
139
74
7
934
8
3921
3
4419
5
4
165
8
81
982
32
1
5886
2
38
6
43
